1 8200706 8209572
1 8245029 8314447
1 12047367 12048130
1 16126675 16347534
1 24472082 24507213
1 24508688 24508710
1 24518205 24519920
1 25292667 25304463
1 33352770 33595289
1 67616169 67631431
1 67650259 67745667
1 67705957 67713346
1 67727130 67727131
1 78450516 78450517
1 151784993 152780522
1 152541061 152780522
1 152552765 152591964
1 152589311 152589643
1 152590351 152590352
1 152594368 152594369
1 152707047 152707048
1 152707778 152707779
1 152763555 152763556
1 161464411 161626082
1 168503161 168529712
1 172715701 172715702
1 197701278 197781198
1 206648994 206657802
1 206939903 206968955
2 24697897 25102600
2 61068821 61092678
2 61095994 61095995
2 62559204 62560332
2 102532642 102640871
2 111598957 111813085
2 163110535 163110536
2 163124636 163124637
2 163136504 163136942
2 163160449 163250620
2 163167745 163167746
2 198493339 198953816
2 231088083 231156484
2 234086583 234114092
2 238858302 239035021
3 16994491 17099309
3 101599432 101654840
3 156518667 156686717
3 188080247 188133439
3 189220584 189220585
3 189662657 189662658
3 196347252 196351215
4 123115501 123551114
4 123578849 123610764
5 35803576 35985395
5 40323356 40440063
5 56006174 56259735
5 96120169 96120310
5 96221010 96372165
5 131995963 131996669
5 150466689 150478318
5 158614086 158614087
5 158618932 158778566
5 158623236 158623237
5 158750909 158750910
5 158763057 158823994
5 158771336 158804928
5 158810792 158810793
5 158826492 158826493
5 158836798 158836799
5 158842277 158842278
5 158857872 158857873
6 491376 491377
6 577819 577820
6 20643726 20728731
6 20790476 21008739
6 21430179 21461111
6 111524086 111524087
6 111583529 111873306
6 111593711 111593712
6 111596833 111596834
6 111615472 111615473
6 111877304 111877305
6 111893186 111893187
6 111913261 111913262
6 111933214 111933215
6 111935681 111935682
6 111938155 111938156
6 111942780 111942781
6 111959817 111959818
6 111965199 111965200
6 137958264 138008124
6 138160321 138160790
6 138189883 138219168
6 159489790 159514253
7 17165435 17215812
7 29008898 29132279
7 37382464 37437919
7 128567031 128579666
8 61833636 61851852
8 61841978 61841979
8 81286297 81313558
8 126435662 126439406
8 129540463 129571140
9 32451143 32455320
9 32479384 32574472
9 32505019 32565245
9 110720810 110755976
9 110760315 110833332
9 110841453 110865157
9 117538333 117695984
10 6070952 6155876
10 6070952 6531055
10 64348898 64376558
10 75594049 75636148
10 81032531 81047575
10 89491375 89824771
10 94209938 94464901
10 101903905 102039187
11 36336262 36376021
11 36423368 36437868
11 64016228 64107735
11 65593443 65647105
11 76270682 76338430
11 109959101 110000980
11 120174670 120175749
11 128131012 128178798
11 128191853 128196675
11 128380973 128396738
12 897310 970718
12 6468302 6468303
12 10561278 10593809
12 56384803 56478002
12 56403919 56427128
12 56509917 56509918
12 56625692 56754371
12 94544519 94544520
12 111884607 112007756
12 122644032 122668326
13 45318095 45343590
13 50811219 50919532
13 99810342 100044673
14 35832665 35832666
14 35836158 35854731
14 98649128 98659847
14 105519558 105574565
15 31637568 31660799
15 70006856 70048157
15 85519656 86338985
16 11085967 11207722
16 11344902 11350811
16 28272372 28278502
16 30914625 31147548
17 4546444 4625892
17 26124907 26124908
17 26127831 26129996
17 26136582 26198381
17 40270061 40270062
17 40492886 40543992
17 43278575 44314179
17 73801479 73822583
17 78174672 78178893
18 12866435 12875316
18 51777726 51835760
19 4311976 4328755
19 10391534 11196651
19 10404226 10609515
19 10463117 10463118
19 10469974 10469975
19 18536415 18631332
19 33837064 33880000
19 49177695 49248730
20 48514173 48589105
20 48543813 48633764
20 50142523 50145339
21 40282555 40285486
22 17506198 17570785
22 20860069 20935946
22 21917238 21982249
22 37255234 37260601
